0
0
0
0
0
6
2
0
0
8
6
0
0
6
10
0
0
0
12
0
0
6
14
0
0
8
18
0
0
6
22
0
0
0
24
0
0
6
26
0
0
8
30
0
0
6
34
0
0
0
36
0
0
6
38
0
0
8
42
0
0
6
46
0
0
0
48
0
0
0
48
90
2
6
48
90
8
8
48
90
16
8
48
90
22
6
48
90
24
0
48
90
26
6
48
90
30
8
48
90
34
6
48
90
36
0
48
90
38
6
48
90
42
8
48
90
46
6
48
90
48
0
48
90
50
6
48
90
54
8
48
90
58
6
48
90
60
0
48
90
62
6
48
90
66
8
48
90
70
6
48
90
72
0
48
90
74
6
48
90
78
8
48
90
82
6
48
90
84
0
48
90
86
6
48
90
90
8
48
90
94
6
48
90
96
0
48
90
96
0
48
180
96
6
46
180
96
8
42
180
96
6
38
180
96
0
36
180
96
6
34
180
96
8
30
180
96
6
26
180
96
0
24
180
96
6
22
180
96
8
18
180
96
6
14
180
96
0
12
180
96
6
10
180
96
8
6
180
96
6
2
180
96
0
0
180
96
6
-2
180
96
8
-6
180
96
6
-10
180
96
0
-12
180
96
6
-14
180
96
8
-18
180
96
6
-22
180
96
0
-24
180
96
6
-26
180
96
8
-30
180
96
6
-34
180
96
0
-36
180
96
0
-36
270
94
6
-36
270
90
8
-36
270
86
6
-36
270
84
0
-36
270
82
6
-36
270
78
8
-36
270
74
6
-36
270
72
0
-36
270
70
6
-36
270
66
8
-36
270
62
6
-36
270
60
0
-36
270
58
6
-36
270
54
8
-36
270
50
6
-36
270
48
0
-36
270
46
6
-36
270
42
8
-36
270
38
6
-36
270
36
0
-36
270
34
6
-36
270
30
8
-36
270
26
6
-36
270
24
0
-36
270
22
6
-36
270
18
8
-36
270
14
6
-36
270
12
0
-36
270
10
6
-36
270
6
8
-36
270
2
6
-36
270
0
0
-36
270
0
0
-36
360
0
6
-24
360
0
8
-20
360
0
6
-16
360
0
0
-14
360
0
6
-12
360
0
8
-8
360
0
6
-4
360
0
0
-2
360
0
0
0
360